# List of all the squares and their corresponding pollution. This is mock data
# that has to be superseeded by real data, comming from public meteo stations
# The structure is as follows:
# Square Number (left to right, top to bottom, starting from 0), level of
# pollution (between 0 and 100)
0
0
0
5
8
26
10
28
25
41
29
19
22
43
24
34
22
26
23
11
15
11
27
15
7
14
4
2
1
0
0
0
1
5
12
19
26
19
26
18
35
36
23
50
25
55
43
34
36
36
39
40
65
25
37
16
22
19
11
0
0
3
6
9
9
25
17
39
15
23
38
35
33
50
68
80
68
86
76
27
36
52
79
63
44
32
75
69
25
0
6
12
11
14
6
16
13
33
26
28
25
35
26
51
43
100
100
77
100
74
97
50
100
66
95
52
64
100
45
0
11
12
18
20
9
11
6
18
18
29
27
50
48
52
59
98
100
79
83
100
100
87
100
100
100
100
100
64
50
0
12
26
29
13
9
6
8
9
11
35
77
98
78
79
90
100
63
100
73
50
100
100
100
68
100
98
91
62
54
0
18
26
30
22
8
5
5
4
19
57
79
93
79
69
69
100
91
100
100
100
100
69
77
86
100
94
99
91
58
0
15
19
31
14
8
4
4
7
47
72
100
100
95
96
72
77
100
100
54
84
100
100
100
69
57
64
80
100
25
0
8
30
44
32
27
7
6
16
34
100
100
92
73
62
61
77
100
65
49
100
93
90
68
100
69
100
67
41
15
0
18
47
64
47
20
16
22
15
39
47
81
84
88
100
91
78
61
32
75
86
100
100
52
54
100
67
79
47
12
0
11
26
39
64
21
29
40
33
47
51
61
84
76
46
31
38
30
32
41
100
59
100
100
70
100
94
61
26
14
0
7
24
28
47
27
38
50
18
22
38
79
52
61
63
65
62
41
37
28
64
100
100
100
100
100
61
44
29
22
0
13
25
26
44
41
48
50
35
50
66
60
64
40
27
23
30
36
37
40
46
100
100
100
98
100
100
36
30
14
0
11
30
41
72
83
54
63
51
82
100
47
62
75
25
26
33
57
46
64
74
83
100
100
60
72
48
30
31
21
0
24
38
65
100
100
95
100
94
63
63
65
64
75
56
29
32
57
67
41
31
61
61
100
98
84
77
41
23
19
0
34
61
100
100
100
77
47
85
97
45
64
77
41
66
59
40
80
63
96
83
100
65
100
58
87
61
49
43
11
0
49
100
100
88
99
81
100
92
100
94
42
48
30
67
94
52
80
81
57
94
100
83
42
50
100
100
54
53
13
0
29
100
50
97
93
92
77
100
90
66
59
46
17
31
69
100
100
91
100
100
100
94
100
100
61
54
53
36
11
0
37
75
58
93
100
97
100
100
82
45
27
26
32
17
81
69
100
77
100
74
74
100
56
96
100
90
88
75
28
0
18
67
51
97
100
82
100
90
84
67
69
27
16
33
85
97
100
100
100
57
71
100
98
100
100
54
79
84
48
0
22
69
60
75
100
100
100
83
57
54
57
20
14
26
72
48
100
100
100
100
55
78
82
100
100
97
75
55
52
0
24
63
62
83
100
100
100
99
89
99
76
47
27
22
63
42
100
87
100
100
58
92
100
100
100
100
100
91
46
0
12
44
39
47
73
100
94
51
98
100
67
40
53
62
41
62
83
89
88
100
89
72
73
86
100
79
91
90
42
0
11
20
34
20
35
55
90
45
43
78
89
36
64
77
89
89
39
71
90
69
80
69
68
52
88
62
92
50
52
0
8
17
11
25
74
38
33
51
50
77
84
57
43
82
55
64
42
55
45
54
31
33
35
43
83
42
92
65
42
0
6
17
39
70
90
96
73
65
61
83
58
60
100
100
99
100
41
47
26
38
16
28
22
31
36
58
36
48
19
0
3
26
42
99
66
95
100
53
70
54
66
100
100
54
70
95
49
53
42
14
8
11
12
17
27
51
59
27
14
0
7
14
31
92
72
57
96
100
77
100
100
65
44
65
58
42
46
42
39
14
6
6
7
15
33
46
30
23
14
0
7
20
36
79
89
87
87
66
68
91
63
43
19
53
45
43
37
21
24
15
6
6
6
9
12
14
25
20
13
0
0
0
0
0
0
0
0
0
0
0
0
0
0
0
0
0
0
0
0
0
0
0
0
0
0
0
0
0
0
0
